timestamp,pid,rss_kb,rss_mb
1769081902.600985000,82078,12144,11.85
1769081903.723646000,82078,36256,35.40
1769081904.845685000,82078,38272,37.37
1769081905.961272000,82078,38304,37.40
1769081907.069623000,82078,38432,37.53
1769081908.189257000,82078,38464,37.56
1769081909.309380000,82078,38512,37.60
1769081910.420018000,82078,38608,37.70
1769081911.538939000,82078,38624,37.71
1769081912.657019000,82078,38656,37.75
1769081913.780086000,82078,38688,37.78
1769081914.908223000,82078,38720,37.81
1769081916.018566000,82078,38752,37.84
1769081917.135047000,82078,38768,37.85
1769081918.250963000,82078,38768,37.85
1769081919.360039000,82078,38784,37.87
1769081920.470682000,82078,38832,37.92
1769081921.587273000,82078,38832,37.92
1769081922.697148000,82078,38864,37.95
1769081923.855546000,82078,38880,37.96
1769081924.972442000,82078,38880,37.96
1769081926.098742000,82078,38880,37.96
1769081927.208423000,82078,38912,38.00
1769081928.320721000,82078,38912,38.00
1769081929.431651000,82078,38912,38.00
1769081930.539824000,82078,38912,38.00
1769081931.649899000,82078,38928,38.01
1769081932.768386000,82078,38928,38.01
1769081933.882458000,82078,38928,38.01
1769081934.993526000,82078,38928,38.01
1769081936.112474000,82078,38944,38.03
1769081937.226062000,82078,38944,38.03
1769081938.354616000,82078,38944,38.03
1769081939.470182000,82078,38944,38.03
1769081940.596954000,82078,38944,38.03
1769081941.714700000,82078,38976,38.06
1769081942.827413000,82078,38992,38.07
1769081943.940569000,82078,38992,38.07
